31
0 1 421 2 534 4 353
1 0 422 2 104 4 316 30 233
2 1 105 3 67 4 227 30 144
3 2 68 4 272 8 187 30 189 5 189 7 252
4 0 353 1 314 2 226 3 272 30 134
5 3 191 6 142 7 153 8 307 10 301 
6 5 142 7 289 10 232 11 280 17 220 
7 3 252 5 153
8 3 188 5 304 9 216 10 246 30 16
9 8 216 10 263 11 261 12 131 30 230
10 5 301 6 232 8 246 9 263 11 132 12 186
11 6 280 9 261 10 132 13 239 17 479
12 9 131 10 188 11 149 13 343
13 11 238 12 343 14 99 17 420 18 690 19 632
14 13 99 15 207 19 795 20 490 
15 14 209 16 23 20 336
16 15 23 20 296 21 256 22 181 
17 6 219 11 479 13 420 14 519 15 671 16 686 18 394 19 336 20 603
18 13 690 14 776 17 394 19 125 28 881
19 13 632 14 759 18 126 20 269
20 13 543 14 490 15 336 19 271 21 42 28 826
21 15 296 16 255 20 42 22 76 23 91
22 16 181 21 76 23 82 
23 21 90 22 82 24 206 28 833
24 22 197 23 224 25 135 26 115 28 944
25 24 137 26 75
26 24 124 25 77 27 164 28 841
27 26 162 29 682 29 623
28 18 878 19 758 20 823 21 823 23 831 24 953 25 910 29 157 26 840 27 682 
29 28 158 27 623
30 3 186 4 136 8 15 9 230